```
85201, 85203, 85210, 85204, 85213, 85215, 85205, 85209,
       85207, 85212, 85206, 85281, 85202, 85257, 85233, 85295,
       85224, 85284, 85283, 85282, 85041, 85040, 85226, 85251,
       85019, 85306, 85304, 85035, 85043, 85027, 85353, 85037,
       85042, 85003, 85009, 85050, 85307, 85034, 85054, 85339,
       85017, 85305, 85033, 85303, 85024, 85308, 85022, 85020,
       85051, 85015, 85008, 85032, 85028, 85254, 85014, 85012,
       85004, 85018, 85016, 85087, 85031, 85048, 85044, 85006,
       85013, 85021, 85007, 85053, 85029, 85023, 85301, 85085,
       85253, 85026, 85255, 85302
```